[[ 10122.43730216  10163.55480974  10095.064903   ...,  10079.31675218
   10150.68214572  10101.67543538]
 [ 10117.98289124  10159.06814293  10090.63190733 ...,  10074.89605603
   10146.20558837  10097.23727214]
 [ 10119.81166779  10160.92634685  10092.44118977 ...,  10076.69415777
   10148.05456085  10099.05125544]
 ..., 
 [ 10105.45912196  10146.50997884  10078.13112488 ...,  10062.40852984
   10133.6581744   10084.7309319 ]
 [ 10099.17328502  10140.15774176  10071.88931891 ...,  10056.19199337
   10127.32675851  10078.47850497]
 [ 10025.68901035  10066.66008743   9998.41532586 ...,   9982.72440519
   10053.83302338  10005.00192948]]